(kicad_pcb (version 20171130) (host pcbnew 5.0.2+dfsg1-1)

  (general
    (thickness 1.6)
    (drawings 15)
    (tracks 64)
    (zones 0)
    (modules 22)
    (nets 12)
  )

  (page A4)
  (layers
    (0 F.Cu signal)
    (31 B.Cu signal)
    (32 B.Adhes user)
    (33 F.Adhes user)
    (34 B.Paste user)
    (35 F.Paste user)
    (36 B.SilkS user)
    (37 F.SilkS user)
    (38 B.Mask user)
    (39 F.Mask user)
    (40 Dwgs.User user)
    (41 Cmts.User user)
    (42 Eco1.User user)
    (43 Eco2.User user)
    (44 Edge.Cuts user)
    (45 Margin user)
    (46 B.CrtYd user)
    (47 F.CrtYd user)
    (48 B.Fab user)
    (49 F.Fab user)
  )

  (setup
    (last_trace_width 0.5)
    (trace_clearance 0.2)
    (zone_clearance 0.508)
    (zone_45_only no)
    (trace_min 0.2)
    (segment_width 0.2)
    (edge_width 0.15)
    (via_size 1.2)
    (via_drill 0.8)
    (via_min_size 0.4)
    (via_min_drill 0.3)
    (uvia_size 0.3)
    (uvia_drill 0.1)
    (uvias_allowed no)
    (uvia_min_size 0.2)
    (uvia_min_drill 0.1)
    (pcb_text_width 0.3)
    (pcb_text_size 1.5 1.5)
    (mod_edge_width 0.15)
    (mod_text_size 1 1)
    (mod_text_width 0.15)
    (pad_size 1.524 1.524)
    (pad_drill 0.762)
    (pad_to_mask_clearance 0.051)
    (solder_mask_min_width 0.25)
    (aux_axis_origin 0 0)
    (visible_elements FFFFFF7F)
    (pcbplotparams
      (layerselection 0x010fc_ffffffff)
      (usegerberextensions false)
      (usegerberattributes false)
      (usegerberadvancedattributes false)
      (creategerberjobfile false)
      (excludeedgelayer true)
      (linewidth 0.100000)
      (plotframeref false)
      (viasonmask false)
      (mode 1)
      (useauxorigin false)
      (hpglpennumber 1)
      (hpglpenspeed 20)
      (hpglpendiameter 15.000000)
      (psnegative false)
      (psa4output false)
      (plotreference true)
      (plotvalue true)
      (plotinvisibletext false)
      (padsonsilk false)
      (subtractmaskfromsilk false)
      (outputformat 1)
      (mirror false)
      (drillshape 1)
      (scaleselection 1)
      (outputdirectory ""))
  )

  (net 0 "")
  (net 1 "Net-(J3-Pad1)")
  (net 2 GND)
  (net 3 /Enc1PosV)
  (net 4 Enc1A)
  (net 5 Enc0A)
  (net 6 Enc1B)
  (net 7 Enc0B)
  (net 8 Enc1Z)
  (net 9 Enc0Z)
  (net 10 3v3)
  (net 11 5V)

  (net_class Default "This is the default net class."
    (clearance 0.2)
    (trace_width 0.5)
    (via_dia 1.2)
    (via_drill 0.8)
    (uvia_dia 0.3)
    (uvia_drill 0.1)
    (add_net /Enc1PosV)
    (add_net 3v3)
    (add_net 5V)
    (add_net Enc0A)
    (add_net Enc0B)
    (add_net Enc0Z)
    (add_net Enc1A)
    (add_net Enc1B)
    (add_net Enc1Z)
    (add_net GND)
    (add_net "Net-(J3-Pad1)")
  )

  (module Connector_PinSocket_2.54mm:PinSocket_1x12_P2.54mm_Vertical (layer F.Cu) (tedit 5A19A41D) (tstamp 5D3E952B)
    (at 139.7 106.68)
    (descr "Through hole straight socket strip, 1x12, 2.54mm pitch, single row (from Kicad 4.0.7), script generated")
    (tags "Through hole socket strip THT 1x12 2.54mm single row")
    (path /5D26D55C)
    (fp_text reference J1 (at 0 -2.77) (layer F.SilkS)
      (effects (font (size 1 1) (thickness 0.15)))
    )
    (fp_text value Conn_01x12_Female (at 0 30.71) (layer F.Fab)
      (effects (font (size 1 1) (thickness 0.15)))
    )
    (fp_line (start -1.27 -1.27) (end 0.635 -1.27) (layer F.Fab) (width 0.1))
    (fp_line (start 0.635 -1.27) (end 1.27 -0.635) (layer F.Fab) (width 0.1))
    (fp_line (start 1.27 -0.635) (end 1.27 29.21) (layer F.Fab) (width 0.1))
    (fp_line (start 1.27 29.21) (end -1.27 29.21) (layer F.Fab) (width 0.1))
    (fp_line (start -1.27 29.21) (end -1.27 -1.27) (layer F.Fab) (width 0.1))
    (fp_line (start -1.33 1.27) (end 1.33 1.27) (layer F.SilkS) (width 0.12))
    (fp_line (start -1.33 1.27) (end -1.33 29.27) (layer F.SilkS) (width 0.12))
    (fp_line (start -1.33 29.27) (end 1.33 29.27) (layer F.SilkS) (width 0.12))
    (fp_line (start 1.33 1.27) (end 1.33 29.27) (layer F.SilkS) (width 0.12))
    (fp_line (start 1.33 -1.33) (end 1.33 0) (layer F.SilkS) (width 0.12))
    (fp_line (start 0 -1.33) (end 1.33 -1.33) (layer F.SilkS) (width 0.12))
    (fp_line (start -1.8 -1.8) (end 1.75 -1.8) (layer F.CrtYd) (width 0.05))
    (fp_line (start 1.75 -1.8) (end 1.75 29.7) (layer F.CrtYd) (width 0.05))
    (fp_line (start 1.75 29.7) (end -1.8 29.7) (layer F.CrtYd) (width 0.05))
    (fp_line (start -1.8 29.7) (end -1.8 -1.8) (layer F.CrtYd) (width 0.05))
    (fp_text user %R (at 0 13.97 90) (layer F.Fab)
      (effects (font (size 1 1) (thickness 0.15)))
    )
    (pad 1 thru_hole rect (at 0 0) (size 1.7 1.7) (drill 1) (layers *.Cu *.Mask)
      (net 10 3v3))
    (pad 2 thru_hole oval (at 0 2.54) (size 1.7 1.7) (drill 1) (layers *.Cu *.Mask)
      (net 11 5V))
    (pad 3 thru_hole oval (at 0 5.08) (size 1.7 1.7) (drill 1) (layers *.Cu *.Mask)
      (net 4 Enc1A))
    (pad 4 thru_hole oval (at 0 7.62) (size 1.7 1.7) (drill 1) (layers *.Cu *.Mask)
      (net 6 Enc1B))
    (pad 5 thru_hole oval (at 0 10.16) (size 1.7 1.7) (drill 1) (layers *.Cu *.Mask)
      (net 8 Enc1Z))
    (pad 6 thru_hole oval (at 0 12.7) (size 1.7 1.7) (drill 1) (layers *.Cu *.Mask)
      (net 2 GND))
    (pad 7 thru_hole oval (at 0 15.24) (size 1.7 1.7) (drill 1) (layers *.Cu *.Mask)
      (net 10 3v3))
    (pad 8 thru_hole oval (at 0 17.78) (size 1.7 1.7) (drill 1) (layers *.Cu *.Mask)
      (net 11 5V))
    (pad 9 thru_hole oval (at 0 20.32) (size 1.7 1.7) (drill 1) (layers *.Cu *.Mask)
      (net 5 Enc0A))
    (pad 10 thru_hole oval (at 0 22.86) (size 1.7 1.7) (drill 1) (layers *.Cu *.Mask)
      (net 7 Enc0B))
    (pad 11 thru_hole oval (at 0 25.4) (size 1.7 1.7) (drill 1) (layers *.Cu *.Mask)
      (net 9 Enc0Z))
    (pad 12 thru_hole oval (at 0 27.94) (size 1.7 1.7) (drill 1) (layers *.Cu *.Mask)
      (net 2 GND))
    (model ${KISYS3DMOD}/Connector_PinSocket_2.54mm.3dshapes/PinSocket_1x12_P2.54mm_Vertical.wrl
      (at (xyz 0 0 0))
      (scale (xyz 1 1 1))
      (rotate (xyz 0 0 0))
    )
  )

  (module Jumper:SolderJumper-3_P1.3mm_Open_RoundedPad1.0x1.5mm (layer F.Cu) (tedit 5B391EB7) (tstamp 5D487C31)
    (at 144.78 107.95 270)
    (descr "SMD Solder 3-pad Jumper, 1x1.5mm rounded Pads, 0.3mm gap, open")
    (tags "solder jumper open")
    (path /5D323C21)
    (attr virtual)
    (fp_text reference JP1 (at -0.254 -2.032 270) (layer F.SilkS)
      (effects (font (size 1 1) (thickness 0.15)))
    )
    (fp_text value SolderJumper_3_Bridged12 (at 0 1.9 270) (layer F.Fab)
      (effects (font (size 1 1) (thickness 0.15)))
    )
    (fp_line (start -1.2 1.2) (end -0.9 1.5) (layer F.SilkS) (width 0.12))
    (fp_line (start -1.5 1.5) (end -0.9 1.5) (layer F.SilkS) (width 0.12))
    (fp_line (start -1.2 1.2) (end -1.5 1.5) (layer F.SilkS) (width 0.12))
    (fp_line (start -2.05 0.3) (end -2.05 -0.3) (layer F.SilkS) (width 0.12))
    (fp_line (start 1.4 1) (end -1.4 1) (layer F.SilkS) (width 0.12))
    (fp_line (start 2.05 -0.3) (end 2.05 0.3) (layer F.SilkS) (width 0.12))
    (fp_line (start -1.4 -1) (end 1.4 -1) (layer F.SilkS) (width 0.12))
    (fp_line (start -2.3 -1.25) (end 2.3 -1.25) (layer F.CrtYd) (width 0.05))
    (fp_line (start -2.3 -1.25) (end -2.3 1.25) (layer F.CrtYd) (width 0.05))
    (fp_line (start 2.3 1.25) (end 2.3 -1.25) (layer F.CrtYd) (width 0.05))
    (fp_line (start 2.3 1.25) (end -2.3 1.25) (layer F.CrtYd) (width 0.05))
    (fp_arc (start 1.35 -0.3) (end 2.05 -0.3) (angle -90) (layer F.SilkS) (width 0.12))
    (fp_arc (start 1.35 0.3) (end 1.35 1) (angle -90) (layer F.SilkS) (width 0.12))
    (fp_arc (start -1.35 0.3) (end -2.05 0.3) (angle -90) (layer F.SilkS) (width 0.12))
    (fp_arc (start -1.35 -0.3) (end -1.35 -1) (angle -90) (layer F.SilkS) (width 0.12))
    (pad 1 smd custom (at -1.3 0 270) (size 1 0.5) (layers F.Cu F.Mask)
      (net 10 3v3) (zone_connect 0)
      (options (clearance outline) (anchor rect))
      (primitives
        (gr_circle (center 0 0.25) (end 0.5 0.25) (width 0))
        (gr_circle (center 0 -0.25) (end 0.5 -0.25) (width 0))
        (gr_poly (pts
           (xy 0.55 -0.75) (xy 0 -0.75) (xy 0 0.75) (xy 0.55 0.75)) (width 0))
      ))
    (pad 3 smd custom (at 1.3 0 270) (size 1 0.5) (layers F.Cu F.Mask)
      (net 11 5V) (zone_connect 0)
      (options (clearance outline) (anchor rect))
      (primitives
        (gr_circle (center 0 0.25) (end 0.5 0.25) (width 0))
        (gr_circle (center 0 -0.25) (end 0.5 -0.25) (width 0))
        (gr_poly (pts
           (xy -0.55 -0.75) (xy 0 -0.75) (xy 0 0.75) (xy -0.55 0.75)) (width 0))
      ))
    (pad 2 smd rect (at 0 0 270) (size 1 1.5) (layers F.Cu F.Mask)
      (net 3 /Enc1PosV))
  )

  (module Jumper:SolderJumper-3_P1.3mm_Open_RoundedPad1.0x1.5mm (layer F.Cu) (tedit 5B391EB7) (tstamp 5D487C46)
    (at 144.78 123.19 270)
    (descr "SMD Solder 3-pad Jumper, 1x1.5mm rounded Pads, 0.3mm gap, open")
    (tags "solder jumper open")
    (path /5D324276)
    (attr virtual)
    (fp_text reference JP2 (at 0 -2.032 270) (layer F.SilkS)
      (effects (font (size 1 1) (thickness 0.15)))
    )
    (fp_text value SolderJumper_3_Bridged12 (at 0 1.9 270) (layer F.Fab)
      (effects (font (size 1 1) (thickness 0.15)))
    )
    (fp_arc (start -1.35 -0.3) (end -1.35 -1) (angle -90) (layer F.SilkS) (width 0.12))
    (fp_arc (start -1.35 0.3) (end -2.05 0.3) (angle -90) (layer F.SilkS) (width 0.12))
    (fp_arc (start 1.35 0.3) (end 1.35 1) (angle -90) (layer F.SilkS) (width 0.12))
    (fp_arc (start 1.35 -0.3) (end 2.05 -0.3) (angle -90) (layer F.SilkS) (width 0.12))
    (fp_line (start 2.3 1.25) (end -2.3 1.25) (layer F.CrtYd) (width 0.05))
    (fp_line (start 2.3 1.25) (end 2.3 -1.25) (layer F.CrtYd) (width 0.05))
    (fp_line (start -2.3 -1.25) (end -2.3 1.25) (layer F.CrtYd) (width 0.05))
    (fp_line (start -2.3 -1.25) (end 2.3 -1.25) (layer F.CrtYd) (width 0.05))
    (fp_line (start -1.4 -1) (end 1.4 -1) (layer F.SilkS) (width 0.12))
    (fp_line (start 2.05 -0.3) (end 2.05 0.3) (layer F.SilkS) (width 0.12))
    (fp_line (start 1.4 1) (end -1.4 1) (layer F.SilkS) (width 0.12))
    (fp_line (start -2.05 0.3) (end -2.05 -0.3) (layer F.SilkS) (width 0.12))
    (fp_line (start -1.2 1.2) (end -1.5 1.5) (layer F.SilkS) (width 0.12))
    (fp_line (start -1.5 1.5) (end -0.9 1.5) (layer F.SilkS) (width 0.12))
    (fp_line (start -1.2 1.2) (end -0.9 1.5) (layer F.SilkS) (width 0.12))
    (pad 2 smd rect (at 0 0 270) (size 1 1.5) (layers F.Cu F.Mask)
      (net 1 "Net-(J3-Pad1)"))
    (pad 3 smd custom (at 1.3 0 270) (size 1 0.5) (layers F.Cu F.Mask)
      (net 11 5V) (zone_connect 0)
      (options (clearance outline) (anchor rect))
      (primitives
        (gr_circle (center 0 0.25) (end 0.5 0.25) (width 0))
        (gr_circle (center 0 -0.25) (end 0.5 -0.25) (width 0))
        (gr_poly (pts
           (xy -0.55 -0.75) (xy 0 -0.75) (xy 0 0.75) (xy -0.55 0.75)) (width 0))
      ))
    (pad 1 smd custom (at -1.3 0 270) (size 1 0.5) (layers F.Cu F.Mask)
      (net 10 3v3) (zone_connect 0)
      (options (clearance outline) (anchor rect))
      (primitives
        (gr_circle (center 0 0.25) (end 0.5 0.25) (width 0))
        (gr_circle (center 0 -0.25) (end 0.5 -0.25) (width 0))
        (gr_poly (pts
           (xy 0.55 -0.75) (xy 0 -0.75) (xy 0 0.75) (xy 0.55 0.75)) (width 0))
      ))
  )

  (module MountingHole:MountingHole_3.2mm_M3 (layer F.Cu) (tedit 5D3264CE) (tstamp 5D487F62)
    (at 149.86 99.06)
    (descr "Mounting Hole 3.2mm, no annular, M3")
    (tags "mounting hole 3.2mm no annular m3")
    (path /5D326DC1)
    (attr virtual)
    (fp_text reference H1 (at 0 -4.2) (layer F.SilkS) hide
      (effects (font (size 1 1) (thickness 0.15)))
    )
    (fp_text value MountingHole (at 0 4.2) (layer F.Fab)
      (effects (font (size 1 1) (thickness 0.15)))
    )
    (fp_text user %R (at 0.3 0) (layer F.Fab)
      (effects (font (size 1 1) (thickness 0.15)))
    )
    (fp_circle (center 0 0) (end 3.2 0) (layer Cmts.User) (width 0.15))
    (fp_circle (center 0 0) (end 3.45 0) (layer F.CrtYd) (width 0.05))
    (pad 1 np_thru_hole circle (at 0 0) (size 3.2 3.2) (drill 3.2) (layers *.Cu *.Mask))
  )

  (module MountingHole:MountingHole_3.2mm_M3 (layer F.Cu) (tedit 5D3264DA) (tstamp 5D487F6A)
    (at 149.86 142.24)
    (descr "Mounting Hole 3.2mm, no annular, M3")
    (tags "mounting hole 3.2mm no annular m3")
    (path /5D326F6A)
    (attr virtual)
    (fp_text reference H2 (at 0 -4.2) (layer F.SilkS) hide
      (effects (font (size 1 1) (thickness 0.15)))
    )
    (fp_text value MountingHole (at 0 4.2) (layer F.Fab)
      (effects (font (size 1 1) (thickness 0.15)))
    )
    (fp_text user %R (at 0.3 0) (layer F.Fab)
      (effects (font (size 1 1) (thickness 0.15)))
    )
    (fp_circle (center 0 0) (end 3.2 0) (layer Cmts.User) (width 0.15))
    (fp_circle (center 0 0) (end 3.45 0) (layer F.CrtYd) (width 0.05))
    (pad 1 np_thru_hole circle (at 0 0) (size 3.2 3.2) (drill 3.2) (layers *.Cu *.Mask))
  )

  (module MountingHole:MountingHole_3.2mm_M3 (layer F.Cu) (tedit 5D3264D2) (tstamp 5D487F72)
    (at 160.02 99.06)
    (descr "Mounting Hole 3.2mm, no annular, M3")
    (tags "mounting hole 3.2mm no annular m3")
    (path /5D326F2D)
    (attr virtual)
    (fp_text reference H3 (at 0 -4.2) (layer F.SilkS) hide
      (effects (font (size 1 1) (thickness 0.15)))
    )
    (fp_text value MountingHole (at 0 4.2) (layer F.Fab)
      (effects (font (size 1 1) (thickness 0.15)))
    )
    (fp_circle (center 0 0) (end 3.45 0) (layer F.CrtYd) (width 0.05))
    (fp_circle (center 0 0) (end 3.2 0) (layer Cmts.User) (width 0.15))
    (fp_text user %R (at 0.3 0) (layer F.Fab)
      (effects (font (size 1 1) (thickness 0.15)))
    )
    (pad 1 np_thru_hole circle (at 0 0) (size 3.2 3.2) (drill 3.2) (layers *.Cu *.Mask))
  )

  (module MountingHole:MountingHole_3.2mm_M3 (layer F.Cu) (tedit 5D3264DD) (tstamp 5D487F7A)
    (at 160.02 142.24)
    (descr "Mounting Hole 3.2mm, no annular, M3")
    (tags "mounting hole 3.2mm no annular m3")
    (path /5D326FAA)
    (attr virtual)
    (fp_text reference H4 (at 0 -4.2) (layer F.SilkS) hide
      (effects (font (size 1 1) (thickness 0.15)))
    )
    (fp_text value MountingHole (at 0 4.2) (layer F.Fab)
      (effects (font (size 1 1) (thickness 0.15)))
    )
    (fp_circle (center 0 0) (end 3.45 0) (layer F.CrtYd) (width 0.05))
    (fp_circle (center 0 0) (end 3.2 0) (layer Cmts.User) (width 0.15))
    (fp_text user %R (at 0.3 0) (layer F.Fab)
      (effects (font (size 1 1) (thickness 0.15)))
    )
    (pad 1 np_thru_hole circle (at 0 0) (size 3.2 3.2) (drill 3.2) (layers *.Cu *.Mask))
  )

  (module Capacitor_SMD:C_0805_2012Metric (layer F.Cu) (tedit 5B36C52B) (tstamp 5D4880C9)
    (at 135.89 111.76 180)
    (descr "Capacitor SMD 0805 (2012 Metric), square (rectangular) end terminal, IPC_7351 nominal, (Body size source: https://docs.google.com/spreadsheets/d/1BsfQQcO9C6DZCsRaXUlFlo91Tg2WpOkGARC1WS5S8t0/edit?usp=sharing), generated with kicad-footprint-generator")
    (tags capacitor)
    (path /5D32A8DB)
    (attr smd)
    (fp_text reference C1 (at 2.286 0 270) (layer F.SilkS)
      (effects (font (size 1 1) (thickness 0.15)))
    )
    (fp_text value C (at 0 1.65 180) (layer F.Fab)
      (effects (font (size 1 1) (thickness 0.15)))
    )
    (fp_line (start -1 0.6) (end -1 -0.6) (layer F.Fab) (width 0.1))
    (fp_line (start -1 -0.6) (end 1 -0.6) (layer F.Fab) (width 0.1))
    (fp_line (start 1 -0.6) (end 1 0.6) (layer F.Fab) (width 0.1))
    (fp_line (start 1 0.6) (end -1 0.6) (layer F.Fab) (width 0.1))
    (fp_line (start -0.258578 -0.71) (end 0.258578 -0.71) (layer F.SilkS) (width 0.12))
    (fp_line (start -0.258578 0.71) (end 0.258578 0.71) (layer F.SilkS) (width 0.12))
    (fp_line (start -1.68 0.95) (end -1.68 -0.95) (layer F.CrtYd) (width 0.05))
    (fp_line (start -1.68 -0.95) (end 1.68 -0.95) (layer F.CrtYd) (width 0.05))
    (fp_line (start 1.68 -0.95) (end 1.68 0.95) (layer F.CrtYd) (width 0.05))
    (fp_line (start 1.68 0.95) (end -1.68 0.95) (layer F.CrtYd) (width 0.05))
    (fp_text user %R (at 0 0 180) (layer F.Fab)
      (effects (font (size 0.5 0.5) (thickness 0.08)))
    )
    (pad 1 smd roundrect (at -0.9375 0 180) (size 0.975 1.4) (layers F.Cu F.Paste F.Mask) (roundrect_rratio 0.25)
      (net 4 Enc1A))
    (pad 2 smd roundrect (at 0.9375 0 180) (size 0.975 1.4) (layers F.Cu F.Paste F.Mask) (roundrect_rratio 0.25)
      (net 2 GND))
    (model ${KISYS3DMOD}/Capacitor_SMD.3dshapes/C_0805_2012Metric.wrl
      (at (xyz 0 0 0))
      (scale (xyz 1 1 1))
      (rotate (xyz 0 0 0))
    )
  )

  (module Capacitor_SMD:C_0805_2012Metric (layer F.Cu) (tedit 5B36C52B) (tstamp 5D4880DA)
    (at 135.89 127 180)
    (descr "Capacitor SMD 0805 (2012 Metric), square (rectangular) end terminal, IPC_7351 nominal, (Body size source: https://docs.google.com/spreadsheets/d/1BsfQQcO9C6DZCsRaXUlFlo91Tg2WpOkGARC1WS5S8t0/edit?usp=sharing), generated with kicad-footprint-generator")
    (tags capacitor)
    (path /5D33354A)
    (attr smd)
    (fp_text reference C2 (at 2.286 0 270) (layer F.SilkS)
      (effects (font (size 1 1) (thickness 0.15)))
    )
    (fp_text value C (at 0 1.65 180) (layer F.Fab)
      (effects (font (size 1 1) (thickness 0.15)))
    )
    (fp_text user %R (at 0 0 180) (layer F.Fab)
      (effects (font (size 0.5 0.5) (thickness 0.08)))
    )
    (fp_line (start 1.68 0.95) (end -1.68 0.95) (layer F.CrtYd) (width 0.05))
    (fp_line (start 1.68 -0.95) (end 1.68 0.95) (layer F.CrtYd) (width 0.05))
    (fp_line (start -1.68 -0.95) (end 1.68 -0.95) (layer F.CrtYd) (width 0.05))
    (fp_line (start -1.68 0.95) (end -1.68 -0.95) (layer F.CrtYd) (width 0.05))
    (fp_line (start -0.258578 0.71) (end 0.258578 0.71) (layer F.SilkS) (width 0.12))
    (fp_line (start -0.258578 -0.71) (end 0.258578 -0.71) (layer F.SilkS) (width 0.12))
    (fp_line (start 1 0.6) (end -1 0.6) (layer F.Fab) (width 0.1))
    (fp_line (start 1 -0.6) (end 1 0.6) (layer F.Fab) (width 0.1))
    (fp_line (start -1 -0.6) (end 1 -0.6) (layer F.Fab) (width 0.1))
    (fp_line (start -1 0.6) (end -1 -0.6) (layer F.Fab) (width 0.1))
    (pad 2 smd roundrect (at 0.9375 0 180) (size 0.975 1.4) (layers F.Cu F.Paste F.Mask) (roundrect_rratio 0.25)
      (net 2 GND))
    (pad 1 smd roundrect (at -0.9375 0 180) (size 0.975 1.4) (layers F.Cu F.Paste F.Mask) (roundrect_rratio 0.25)
      (net 5 Enc0A))
    (model ${KISYS3DMOD}/Capacitor_SMD.3dshapes/C_0805_2012Metric.wrl
      (at (xyz 0 0 0))
      (scale (xyz 1 1 1))
      (rotate (xyz 0 0 0))
    )
  )

  (module Capacitor_SMD:C_0805_2012Metric (layer F.Cu) (tedit 5B36C52B) (tstamp 5D4880EB)
    (at 135.89 114.3 180)
    (descr "Capacitor SMD 0805 (2012 Metric), square (rectangular) end terminal, IPC_7351 nominal, (Body size source: https://docs.google.com/spreadsheets/d/1BsfQQcO9C6DZCsRaXUlFlo91Tg2WpOkGARC1WS5S8t0/edit?usp=sharing), generated with kicad-footprint-generator")
    (tags capacitor)
    (path /5D32A9B1)
    (attr smd)
    (fp_text reference C3 (at 2.286 0 270) (layer F.SilkS)
      (effects (font (size 1 1) (thickness 0.15)))
    )
    (fp_text value C (at 0 1.65 180) (layer F.Fab)
      (effects (font (size 1 1) (thickness 0.15)))
    )
    (fp_text user %R (at 0 0 180) (layer F.Fab)
      (effects (font (size 0.5 0.5) (thickness 0.08)))
    )
    (fp_line (start 1.68 0.95) (end -1.68 0.95) (layer F.CrtYd) (width 0.05))
    (fp_line (start 1.68 -0.95) (end 1.68 0.95) (layer F.CrtYd) (width 0.05))
    (fp_line (start -1.68 -0.95) (end 1.68 -0.95) (layer F.CrtYd) (width 0.05))
    (fp_line (start -1.68 0.95) (end -1.68 -0.95) (layer F.CrtYd) (width 0.05))
    (fp_line (start -0.258578 0.71) (end 0.258578 0.71) (layer F.SilkS) (width 0.12))
    (fp_line (start -0.258578 -0.71) (end 0.258578 -0.71) (layer F.SilkS) (width 0.12))
    (fp_line (start 1 0.6) (end -1 0.6) (layer F.Fab) (width 0.1))
    (fp_line (start 1 -0.6) (end 1 0.6) (layer F.Fab) (width 0.1))
    (fp_line (start -1 -0.6) (end 1 -0.6) (layer F.Fab) (width 0.1))
    (fp_line (start -1 0.6) (end -1 -0.6) (layer F.Fab) (width 0.1))
    (pad 2 smd roundrect (at 0.9375 0 180) (size 0.975 1.4) (layers F.Cu F.Paste F.Mask) (roundrect_rratio 0.25)
      (net 2 GND))
    (pad 1 smd roundrect (at -0.9375 0 180) (size 0.975 1.4) (layers F.Cu F.Paste F.Mask) (roundrect_rratio 0.25)
      (net 6 Enc1B))
    (model ${KISYS3DMOD}/Capacitor_SMD.3dshapes/C_0805_2012Metric.wrl
      (at (xyz 0 0 0))
      (scale (xyz 1 1 1))
      (rotate (xyz 0 0 0))
    )
  )

  (module Capacitor_SMD:C_0805_2012Metric (layer F.Cu) (tedit 5B36C52B) (tstamp 5D4880FC)
    (at 135.89 129.54 180)
    (descr "Capacitor SMD 0805 (2012 Metric), square (rectangular) end terminal, IPC_7351 nominal, (Body size source: https://docs.google.com/spreadsheets/d/1BsfQQcO9C6DZCsRaXUlFlo91Tg2WpOkGARC1WS5S8t0/edit?usp=sharing), generated with kicad-footprint-generator")
    (tags capacitor)
    (path /5D333550)
    (attr smd)
    (fp_text reference C4 (at 2.286 0 270) (layer F.SilkS)
      (effects (font (size 1 1) (thickness 0.15)))
    )
    (fp_text value C (at 0 1.65 180) (layer F.Fab)
      (effects (font (size 1 1) (thickness 0.15)))
    )
    (fp_line (start -1 0.6) (end -1 -0.6) (layer F.Fab) (width 0.1))
    (fp_line (start -1 -0.6) (end 1 -0.6) (layer F.Fab) (width 0.1))
    (fp_line (start 1 -0.6) (end 1 0.6) (layer F.Fab) (width 0.1))
    (fp_line (start 1 0.6) (end -1 0.6) (layer F.Fab) (width 0.1))
    (fp_line (start -0.258578 -0.71) (end 0.258578 -0.71) (layer F.SilkS) (width 0.12))
    (fp_line (start -0.258578 0.71) (end 0.258578 0.71) (layer F.SilkS) (width 0.12))
    (fp_line (start -1.68 0.95) (end -1.68 -0.95) (layer F.CrtYd) (width 0.05))
    (fp_line (start -1.68 -0.95) (end 1.68 -0.95) (layer F.CrtYd) (width 0.05))
    (fp_line (start 1.68 -0.95) (end 1.68 0.95) (layer F.CrtYd) (width 0.05))
    (fp_line (start 1.68 0.95) (end -1.68 0.95) (layer F.CrtYd) (width 0.05))
    (fp_text user %R (at 0 0 180) (layer F.Fab)
      (effects (font (size 0.5 0.5) (thickness 0.08)))
    )
    (pad 1 smd roundrect (at -0.9375 0 180) (size 0.975 1.4) (layers F.Cu F.Paste F.Mask) (roundrect_rratio 0.25)
      (net 7 Enc0B))
    (pad 2 smd roundrect (at 0.9375 0 180) (size 0.975 1.4) (layers F.Cu F.Paste F.Mask) (roundrect_rratio 0.25)
      (net 2 GND))
    (model ${KISYS3DMOD}/Capacitor_SMD.3dshapes/C_0805_2012Metric.wrl
      (at (xyz 0 0 0))
      (scale (xyz 1 1 1))
      (rotate (xyz 0 0 0))
    )
  )

  (module Capacitor_SMD:C_0805_2012Metric (layer F.Cu) (tedit 5B36C52B) (tstamp 5D48810D)
    (at 135.89 117.225001 180)
    (descr "Capacitor SMD 0805 (2012 Metric), square (rectangular) end terminal, IPC_7351 nominal, (Body size source: https://docs.google.com/spreadsheets/d/1BsfQQcO9C6DZCsRaXUlFlo91Tg2WpOkGARC1WS5S8t0/edit?usp=sharing), generated with kicad-footprint-generator")
    (tags capacitor)
    (path /5D32A9FA)
    (attr smd)
    (fp_text reference C5 (at 2.286 -0.122999 270) (layer F.SilkS)
      (effects (font (size 1 1) (thickness 0.15)))
    )
    (fp_text value C (at 0 1.65 180) (layer F.Fab)
      (effects (font (size 1 1) (thickness 0.15)))
    )
    (fp_line (start -1 0.6) (end -1 -0.6) (layer F.Fab) (width 0.1))
    (fp_line (start -1 -0.6) (end 1 -0.6) (layer F.Fab) (width 0.1))
    (fp_line (start 1 -0.6) (end 1 0.6) (layer F.Fab) (width 0.1))
    (fp_line (start 1 0.6) (end -1 0.6) (layer F.Fab) (width 0.1))
    (fp_line (start -0.258578 -0.71) (end 0.258578 -0.71) (layer F.SilkS) (width 0.12))
    (fp_line (start -0.258578 0.71) (end 0.258578 0.71) (layer F.SilkS) (width 0.12))
    (fp_line (start -1.68 0.95) (end -1.68 -0.95) (layer F.CrtYd) (width 0.05))
    (fp_line (start -1.68 -0.95) (end 1.68 -0.95) (layer F.CrtYd) (width 0.05))
    (fp_line (start 1.68 -0.95) (end 1.68 0.95) (layer F.CrtYd) (width 0.05))
    (fp_line (start 1.68 0.95) (end -1.68 0.95) (layer F.CrtYd) (width 0.05))
    (fp_text user %R (at 0 0 180) (layer F.Fab)
      (effects (font (size 0.5 0.5) (thickness 0.08)))
    )
    (pad 1 smd roundrect (at -0.9375 0 180) (size 0.975 1.4) (layers F.Cu F.Paste F.Mask) (roundrect_rratio 0.25)
      (net 8 Enc1Z))
    (pad 2 smd roundrect (at 0.9375 0 180) (size 0.975 1.4) (layers F.Cu F.Paste F.Mask) (roundrect_rratio 0.25)
      (net 2 GND))
    (model ${KISYS3DMOD}/Capacitor_SMD.3dshapes/C_0805_2012Metric.wrl
      (at (xyz 0 0 0))
      (scale (xyz 1 1 1))
      (rotate (xyz 0 0 0))
    )
  )

  (module Capacitor_SMD:C_0805_2012Metric (layer F.Cu) (tedit 5B36C52B) (tstamp 5D48811E)
    (at 135.89 132.08 180)
    (descr "Capacitor SMD 0805 (2012 Metric), square (rectangular) end terminal, IPC_7351 nominal, (Body size source: https://docs.google.com/spreadsheets/d/1BsfQQcO9C6DZCsRaXUlFlo91Tg2WpOkGARC1WS5S8t0/edit?usp=sharing), generated with kicad-footprint-generator")
    (tags capacitor)
    (path /5D333556)
    (attr smd)
    (fp_text reference C6 (at 2.286 0 270) (layer F.SilkS)
      (effects (font (size 1 1) (thickness 0.15)))
    )
    (fp_text value C (at 0 1.65 180) (layer F.Fab)
      (effects (font (size 1 1) (thickness 0.15)))
    )
    (fp_text user %R (at 0 0 180) (layer F.Fab)
      (effects (font (size 0.5 0.5) (thickness 0.08)))
    )
    (fp_line (start 1.68 0.95) (end -1.68 0.95) (layer F.CrtYd) (width 0.05))
    (fp_line (start 1.68 -0.95) (end 1.68 0.95) (layer F.CrtYd) (width 0.05))
    (fp_line (start -1.68 -0.95) (end 1.68 -0.95) (layer F.CrtYd) (width 0.05))
    (fp_line (start -1.68 0.95) (end -1.68 -0.95) (layer F.CrtYd) (width 0.05))
    (fp_line (start -0.258578 0.71) (end 0.258578 0.71) (layer F.SilkS) (width 0.12))
    (fp_line (start -0.258578 -0.71) (end 0.258578 -0.71) (layer F.SilkS) (width 0.12))
    (fp_line (start 1 0.6) (end -1 0.6) (layer F.Fab) (width 0.1))
    (fp_line (start 1 -0.6) (end 1 0.6) (layer F.Fab) (width 0.1))
    (fp_line (start -1 -0.6) (end 1 -0.6) (layer F.Fab) (width 0.1))
    (fp_line (start -1 0.6) (end -1 -0.6) (layer F.Fab) (width 0.1))
    (pad 2 smd roundrect (at 0.9375 0 180) (size 0.975 1.4) (layers F.Cu F.Paste F.Mask) (roundrect_rratio 0.25)
      (net 2 GND))
    (pad 1 smd roundrect (at -0.9375 0 180) (size 0.975 1.4) (layers F.Cu F.Paste F.Mask) (roundrect_rratio 0.25)
      (net 9 Enc0Z))
    (model ${KISYS3DMOD}/Capacitor_SMD.3dshapes/C_0805_2012Metric.wrl
      (at (xyz 0 0 0))
      (scale (xyz 1 1 1))
      (rotate (xyz 0 0 0))
    )
  )

  (module Connector_JST:JST_XH_B05B-XH-A_1x05_P2.50mm_Vertical (layer F.Cu) (tedit 5B7754C5) (tstamp 5D48856D)
    (at 158.496 107.95 270)
    (descr "JST XH series connector, B05B-XH-A (http://www.jst-mfg.com/product/pdf/eng/eXH.pdf), generated with kicad-footprint-generator")
    (tags "connector JST XH side entry")
    (path /5D323764)
    (fp_text reference J2 (at -2.794 5.08 270) (layer F.SilkS)
      (effects (font (size 1 1) (thickness 0.15)))
    )
    (fp_text value Conn_01x05_Male (at 5 4.6 270) (layer F.Fab)
      (effects (font (size 1 1) (thickness 0.15)))
    )
    (fp_text user %R (at 5 2.7 270) (layer F.Fab)
      (effects (font (size 1 1) (thickness 0.15)))
    )
    (fp_line (start -2.85 -2.75) (end -2.85 -1.5) (layer F.SilkS) (width 0.12))
    (fp_line (start -1.6 -2.75) (end -2.85 -2.75) (layer F.SilkS) (width 0.12))
    (fp_line (start 11.8 2.75) (end 5 2.75) (layer F.SilkS) (width 0.12))
    (fp_line (start 11.8 -0.2) (end 11.8 2.75) (layer F.SilkS) (width 0.12))
    (fp_line (start 12.55 -0.2) (end 11.8 -0.2) (layer F.SilkS) (width 0.12))
    (fp_line (start -1.8 2.75) (end 5 2.75) (layer F.SilkS) (width 0.12))
    (fp_line (start -1.8 -0.2) (end -1.8 2.75) (layer F.SilkS) (width 0.12))
    (fp_line (start -2.55 -0.2) (end -1.8 -0.2) (layer F.SilkS) (width 0.12))
    (fp_line (start 12.55 -2.45) (end 10.75 -2.45) (layer F.SilkS) (width 0.12))
    (fp_line (start 12.55 -1.7) (end 12.55 -2.45) (layer F.SilkS) (width 0.12))
    (fp_line (start 10.75 -1.7) (end 12.55 -1.7) (layer F.SilkS) (width 0.12))
    (fp_line (start 10.75 -2.45) (end 10.75 -1.7) (layer F.SilkS) (width 0.12))
    (fp_line (start -0.75 -2.45) (end -2.55 -2.45) (layer F.SilkS) (width 0.12))
    (fp_line (start -0.75 -1.7) (end -0.75 -2.45) (layer F.SilkS) (width 0.12))
    (fp_line (start -2.55 -1.7) (end -0.75 -1.7) (layer F.SilkS) (width 0.12))
    (fp_line (start -2.55 -2.45) (end -2.55 -1.7) (layer F.SilkS) (width 0.12))
    (fp_line (start 9.25 -2.45) (end 0.75 -2.45) (layer F.SilkS) (width 0.12))
    (fp_line (start 9.25 -1.7) (end 9.25 -2.45) (layer F.SilkS) (width 0.12))
    (fp_line (start 0.75 -1.7) (end 9.25 -1.7) (layer F.SilkS) (width 0.12))
    (fp_line (start 0.75 -2.45) (end 0.75 -1.7) (layer F.SilkS) (width 0.12))
    (fp_line (start 0 -1.35) (end 0.625 -2.35) (layer F.Fab) (width 0.1))
    (fp_line (start -0.625 -2.35) (end 0 -1.35) (layer F.Fab) (width 0.1))
    (fp_line (start 12.95 -2.85) (end -2.95 -2.85) (layer F.CrtYd) (width 0.05))
    (fp_line (start 12.95 3.9) (end 12.95 -2.85) (layer F.CrtYd) (width 0.05))
    (fp_line (start -2.95 3.9) (end 12.95 3.9) (layer F.CrtYd) (width 0.05))
    (fp_line (start -2.95 -2.85) (end -2.95 3.9) (layer F.CrtYd) (width 0.05))
    (fp_line (start 12.56 -2.46) (end -2.56 -2.46) (layer F.SilkS) (width 0.12))
    (fp_line (start 12.56 3.51) (end 12.56 -2.46) (layer F.SilkS) (width 0.12))
    (fp_line (start -2.56 3.51) (end 12.56 3.51) (layer F.SilkS) (width 0.12))
    (fp_line (start -2.56 -2.46) (end -2.56 3.51) (layer F.SilkS) (width 0.12))
    (fp_line (start 12.45 -2.35) (end -2.45 -2.35) (layer F.Fab) (width 0.1))
    (fp_line (start 12.45 3.4) (end 12.45 -2.35) (layer F.Fab) (width 0.1))
    (fp_line (start -2.45 3.4) (end 12.45 3.4) (layer F.Fab) (width 0.1))
    (fp_line (start -2.45 -2.35) (end -2.45 3.4) (layer F.Fab) (width 0.1))
    (pad 5 thru_hole oval (at 10 0 270) (size 1.7 1.95) (drill 0.95) (layers *.Cu *.Mask)
      (net 2 GND))
    (pad 4 thru_hole oval (at 7.5 0 270) (size 1.7 1.95) (drill 0.95) (layers *.Cu *.Mask)
      (net 8 Enc1Z))
    (pad 3 thru_hole oval (at 5 0 270) (size 1.7 1.95) (drill 0.95) (layers *.Cu *.Mask)
      (net 6 Enc1B))
    (pad 2 thru_hole oval (at 2.5 0 270) (size 1.7 1.95) (drill 0.95) (layers *.Cu *.Mask)
      (net 4 Enc1A))
    (pad 1 thru_hole roundrect (at 0 0 270) (size 1.7 1.95) (drill 0.95) (layers *.Cu *.Mask) (roundrect_rratio 0.147059)
      (net 3 /Enc1PosV))
    (model ${KISYS3DMOD}/Connector_JST.3dshapes/JST_XH_B05B-XH-A_1x05_P2.50mm_Vertical.wrl
      (at (xyz 0 0 0))
      (scale (xyz 1 1 1))
      (rotate (xyz 0 0 0))
    )
  )

  (module Connector_JST:JST_XH_B05B-XH-A_1x05_P2.50mm_Vertical (layer F.Cu) (tedit 5B7754C5) (tstamp 5D488598)
    (at 158.496 124.46 270)
    (descr "JST XH series connector, B05B-XH-A (http://www.jst-mfg.com/product/pdf/eng/eXH.pdf), generated with kicad-footprint-generator")
    (tags "connector JST XH side entry")
    (path /5D26DA02)
    (fp_text reference J3 (at 14.224 2.54 270) (layer F.SilkS)
      (effects (font (size 1 1) (thickness 0.15)))
    )
    (fp_text value Conn_01x05_Male (at 5 4.6 270) (layer F.Fab)
      (effects (font (size 1 1) (thickness 0.15)))
    )
    (fp_line (start -2.45 -2.35) (end -2.45 3.4) (layer F.Fab) (width 0.1))
    (fp_line (start -2.45 3.4) (end 12.45 3.4) (layer F.Fab) (width 0.1))
    (fp_line (start 12.45 3.4) (end 12.45 -2.35) (layer F.Fab) (width 0.1))
    (fp_line (start 12.45 -2.35) (end -2.45 -2.35) (layer F.Fab) (width 0.1))
    (fp_line (start -2.56 -2.46) (end -2.56 3.51) (layer F.SilkS) (width 0.12))
    (fp_line (start -2.56 3.51) (end 12.56 3.51) (layer F.SilkS) (width 0.12))
    (fp_line (start 12.56 3.51) (end 12.56 -2.46) (layer F.SilkS) (width 0.12))
    (fp_line (start 12.56 -2.46) (end -2.56 -2.46) (layer F.SilkS) (width 0.12))
    (fp_line (start -2.95 -2.85) (end -2.95 3.9) (layer F.CrtYd) (width 0.05))
    (fp_line (start -2.95 3.9) (end 12.95 3.9) (layer F.CrtYd) (width 0.05))
    (fp_line (start 12.95 3.9) (end 12.95 -2.85) (layer F.CrtYd) (width 0.05))
    (fp_line (start 12.95 -2.85) (end -2.95 -2.85) (layer F.CrtYd) (width 0.05))
    (fp_line (start -0.625 -2.35) (end 0 -1.35) (layer F.Fab) (width 0.1))
    (fp_line (start 0 -1.35) (end 0.625 -2.35) (layer F.Fab) (width 0.1))
    (fp_line (start 0.75 -2.45) (end 0.75 -1.7) (layer F.SilkS) (width 0.12))
    (fp_line (start 0.75 -1.7) (end 9.25 -1.7) (layer F.SilkS) (width 0.12))
    (fp_line (start 9.25 -1.7) (end 9.25 -2.45) (layer F.SilkS) (width 0.12))
    (fp_line (start 9.25 -2.45) (end 0.75 -2.45) (layer F.SilkS) (width 0.12))
    (fp_line (start -2.55 -2.45) (end -2.55 -1.7) (layer F.SilkS) (width 0.12))
    (fp_line (start -2.55 -1.7) (end -0.75 -1.7) (layer F.SilkS) (width 0.12))
    (fp_line (start -0.75 -1.7) (end -0.75 -2.45) (layer F.SilkS) (width 0.12))
    (fp_line (start -0.75 -2.45) (end -2.55 -2.45) (layer F.SilkS) (width 0.12))
    (fp_line (start 10.75 -2.45) (end 10.75 -1.7) (layer F.SilkS) (width 0.12))
    (fp_line (start 10.75 -1.7) (end 12.55 -1.7) (layer F.SilkS) (width 0.12))
    (fp_line (start 12.55 -1.7) (end 12.55 -2.45) (layer F.SilkS) (width 0.12))
    (fp_line (start 12.55 -2.45) (end 10.75 -2.45) (layer F.SilkS) (width 0.12))
    (fp_line (start -2.55 -0.2) (end -1.8 -0.2) (layer F.SilkS) (width 0.12))
    (fp_line (start -1.8 -0.2) (end -1.8 2.75) (layer F.SilkS) (width 0.12))
    (fp_line (start -1.8 2.75) (end 5 2.75) (layer F.SilkS) (width 0.12))
    (fp_line (start 12.55 -0.2) (end 11.8 -0.2) (layer F.SilkS) (width 0.12))
    (fp_line (start 11.8 -0.2) (end 11.8 2.75) (layer F.SilkS) (width 0.12))
    (fp_line (start 11.8 2.75) (end 5 2.75) (layer F.SilkS) (width 0.12))
    (fp_line (start -1.6 -2.75) (end -2.85 -2.75) (layer F.SilkS) (width 0.12))
    (fp_line (start -2.85 -2.75) (end -2.85 -1.5) (layer F.SilkS) (width 0.12))
    (fp_text user %R (at 5 2.7 270) (layer F.Fab)
      (effects (font (size 1 1) (thickness 0.15)))
    )
    (pad 1 thru_hole roundrect (at 0 0 270) (size 1.7 1.95) (drill 0.95) (layers *.Cu *.Mask) (roundrect_rratio 0.147059)
      (net 1 "Net-(J3-Pad1)"))
    (pad 2 thru_hole oval (at 2.5 0 270) (size 1.7 1.95) (drill 0.95) (layers *.Cu *.Mask)
      (net 5 Enc0A))
    (pad 3 thru_hole oval (at 5 0 270) (size 1.7 1.95) (drill 0.95) (layers *.Cu *.Mask)
      (net 7 Enc0B))
    (pad 4 thru_hole oval (at 7.5 0 270) (size 1.7 1.95) (drill 0.95) (layers *.Cu *.Mask)
      (net 9 Enc0Z))
    (pad 5 thru_hole oval (at 10 0 270) (size 1.7 1.95) (drill 0.95) (layers *.Cu *.Mask)
      (net 2 GND))
    (model ${KISYS3DMOD}/Connector_JST.3dshapes/JST_XH_B05B-XH-A_1x05_P2.50mm_Vertical.wrl
      (at (xyz 0 0 0))
      (scale (xyz 1 1 1))
      (rotate (xyz 0 0 0))
    )
  )

  (module TestPoint:TestPoint_Keystone_5015_Micro-Minature (layer F.Cu) (tedit 5D3268ED) (tstamp 5D489782)
    (at 140.208 139.7)
    (descr "SMT Test Point- Micro Miniature 5015, http://www.keyelco.com/product-pdf.cfm?p=1353")
    (tags "Test Point")
    (path /5D3556B2)
    (attr smd)
    (fp_text reference TP1 (at -5.588 0) (layer F.SilkS) hide
      (effects (font (size 1 1) (thickness 0.15)))
    )
    (fp_text value TestPoint (at 0 2.25) (layer F.Fab)
      (effects (font (size 1 1) (thickness 0.15)))
    )
    (fp_text user %R (at 0 0) (layer F.Fab)
      (effects (font (size 0.6 0.6) (thickness 0.09)))
    )
    (fp_line (start -2.15 -1.35) (end 2.15 -1.35) (layer F.CrtYd) (width 0.05))
    (fp_line (start 2.15 -1.35) (end 2.15 1.35) (layer F.CrtYd) (width 0.05))
    (fp_line (start 2.15 1.35) (end -2.15 1.35) (layer F.CrtYd) (width 0.05))
    (fp_line (start -2.15 1.35) (end -2.15 -1.35) (layer F.CrtYd) (width 0.05))
    (fp_line (start -1.9 -1.1) (end 1.9 -1.1) (layer F.SilkS) (width 0.15))
    (fp_line (start 1.9 -1.1) (end 1.9 1.1) (layer F.SilkS) (width 0.15))
    (fp_line (start 1.9 1.1) (end -1.9 1.1) (layer F.SilkS) (width 0.15))
    (fp_line (start -1.9 1.1) (end -1.9 -1.1) (layer F.SilkS) (width 0.15))
    (fp_line (start -1.35 0.5) (end 1.35 0.5) (layer F.Fab) (width 0.15))
    (fp_line (start 1.35 -0.5) (end 1.35 0.5) (layer F.Fab) (width 0.15))
    (fp_line (start 1.35 -0.5) (end -1.35 -0.5) (layer F.Fab) (width 0.15))
    (fp_line (start -1.35 0.5) (end -1.35 -0.5) (layer F.Fab) (width 0.15))
    (pad 1 smd rect (at 0 0) (size 3.4 1.8) (layers F.Cu F.Paste F.Mask)
      (net 2 GND))
    (model ${KISYS3DMOD}/TestPoint.3dshapes/TestPoint_Keystone_5015_Micro-Minature.wrl
      (at (xyz 0 0 0))
      (scale (xyz 1 1 1))
      (rotate (xyz 0 0 0))
    )
  )

  (module TestPoint:TestPoint_Keystone_5015_Micro-Minature (layer F.Cu) (tedit 5D3268B9) (tstamp 5D489793)
    (at 150.876 110.236)
    (descr "SMT Test Point- Micro Miniature 5015, http://www.keyelco.com/product-pdf.cfm?p=1353")
    (tags "Test Point")
    (path /5D3594AB)
    (attr smd)
    (fp_text reference TP2 (at 0 -2.25) (layer F.SilkS) hide
      (effects (font (size 1 1) (thickness 0.15)))
    )
    (fp_text value TestPoint (at 0 2.25) (layer F.Fab)
      (effects (font (size 1 1) (thickness 0.15)))
    )
    (fp_line (start -1.35 0.5) (end -1.35 -0.5) (layer F.Fab) (width 0.15))
    (fp_line (start 1.35 -0.5) (end -1.35 -0.5) (layer F.Fab) (width 0.15))
    (fp_line (start 1.35 -0.5) (end 1.35 0.5) (layer F.Fab) (width 0.15))
    (fp_line (start -1.35 0.5) (end 1.35 0.5) (layer F.Fab) (width 0.15))
    (fp_line (start -1.9 1.1) (end -1.9 -1.1) (layer F.SilkS) (width 0.15))
    (fp_line (start 1.9 1.1) (end -1.9 1.1) (layer F.SilkS) (width 0.15))
    (fp_line (start 1.9 -1.1) (end 1.9 1.1) (layer F.SilkS) (width 0.15))
    (fp_line (start -1.9 -1.1) (end 1.9 -1.1) (layer F.SilkS) (width 0.15))
    (fp_line (start -2.15 1.35) (end -2.15 -1.35) (layer F.CrtYd) (width 0.05))
    (fp_line (start 2.15 1.35) (end -2.15 1.35) (layer F.CrtYd) (width 0.05))
    (fp_line (start 2.15 -1.35) (end 2.15 1.35) (layer F.CrtYd) (width 0.05))
    (fp_line (start -2.15 -1.35) (end 2.15 -1.35) (layer F.CrtYd) (width 0.05))
    (fp_text user %R (at 0 0) (layer F.Fab)
      (effects (font (size 0.6 0.6) (thickness 0.09)))
    )
    (pad 1 smd rect (at 0 0) (size 3.4 1.8) (layers F.Cu F.Paste F.Mask)
      (net 4 Enc1A))
    (model ${KISYS3DMOD}/TestPoint.3dshapes/TestPoint_Keystone_5015_Micro-Minature.wrl
      (at (xyz 0 0 0))
      (scale (xyz 1 1 1))
      (rotate (xyz 0 0 0))
    )
  )

  (module TestPoint:TestPoint_Keystone_5015_Micro-Minature (layer F.Cu) (tedit 5D3268BD) (tstamp 5D4897A4)
    (at 151.892 113.284)
    (descr "SMT Test Point- Micro Miniature 5015, http://www.keyelco.com/product-pdf.cfm?p=1353")
    (tags "Test Point")
    (path /5D3594FB)
    (attr smd)
    (fp_text reference TP3 (at 0 -2.25) (layer F.SilkS) hide
      (effects (font (size 1 1) (thickness 0.15)))
    )
    (fp_text value TestPoint (at 0 2.25) (layer F.Fab)
      (effects (font (size 1 1) (thickness 0.15)))
    )
    (fp_text user %R (at 0 0) (layer F.Fab)
      (effects (font (size 0.6 0.6) (thickness 0.09)))
    )
    (fp_line (start -2.15 -1.35) (end 2.15 -1.35) (layer F.CrtYd) (width 0.05))
    (fp_line (start 2.15 -1.35) (end 2.15 1.35) (layer F.CrtYd) (width 0.05))
    (fp_line (start 2.15 1.35) (end -2.15 1.35) (layer F.CrtYd) (width 0.05))
    (fp_line (start -2.15 1.35) (end -2.15 -1.35) (layer F.CrtYd) (width 0.05))
    (fp_line (start -1.9 -1.1) (end 1.9 -1.1) (layer F.SilkS) (width 0.15))
    (fp_line (start 1.9 -1.1) (end 1.9 1.1) (layer F.SilkS) (width 0.15))
    (fp_line (start 1.9 1.1) (end -1.9 1.1) (layer F.SilkS) (width 0.15))
    (fp_line (start -1.9 1.1) (end -1.9 -1.1) (layer F.SilkS) (width 0.15))
    (fp_line (start -1.35 0.5) (end 1.35 0.5) (layer F.Fab) (width 0.15))
    (fp_line (start 1.35 -0.5) (end 1.35 0.5) (layer F.Fab) (width 0.15))
    (fp_line (start 1.35 -0.5) (end -1.35 -0.5) (layer F.Fab) (width 0.15))
    (fp_line (start -1.35 0.5) (end -1.35 -0.5) (layer F.Fab) (width 0.15))
    (pad 1 smd rect (at 0 0) (size 3.4 1.8) (layers F.Cu F.Paste F.Mask)
      (net 6 Enc1B))
    (model ${KISYS3DMOD}/TestPoint.3dshapes/TestPoint_Keystone_5015_Micro-Minature.wrl
      (at (xyz 0 0 0))
      (scale (xyz 1 1 1))
      (rotate (xyz 0 0 0))
    )
  )

